74,35
3,2
3,1
3,3
10,101
10,87
10,217
10,263
10,9
10,259
10,193
10,119
11,6
11,26
11,27
8,4
8,15
71,7
71,6
71,5
71,4
71,3
71,2
71,1
71,0
67,3
67,2
67,1
67,0
66,4
66,3
66,2
66,1
66,0
65,3
65,2
65,1
65,0
64,4
64,3
64,2
64,1
64,0
63,3
63,2
63,1
63,0
62,3
62,2
62,1
62,0
39,3
39,1
20,3
20,2
20,1
19,3
19,2
19,1
12,3
12,2
12,1
11,29
11,25
11,23
11,21
11,20
11,19
11,18
11,17
11,16
11,14
11,13
11,5
11,3
11,2
11,1
10,314
10,311
18,1
10,237
18,3
10,228
10,222
10,203
14,1
10,189
14,3
13,1
10,118
13,3
10,116
10,102
10,99
10,96
10,91
10,81
10,32
10,3
10,2
10,1
9,7
9,6
9,5
9,4
9,3
